05:10:39,H,1,A, 139.694, 35.490,  0,-180,   0,02/10/05,02/10/05,05:10:39,SHIRASE
0.00
1, 1.2930E-09, 67.10, 35.05,6.827,4.802,4.292,4.995,-0.65,-0.22
2, 1.1647E-05, 67.13, 35.05,6.788,4.880,4.293,5.035,-0.65,-0.23
3, 5.1804E-05, 67.16, 35.04,6.847,4.839,4.369,5.073,-0.63,-0.23
4, 1.2901E-04, 67.17, 35.03,6.826,4.840,4.369,5.008,-0.63,-0.25
5, 1.3932E-04, 67.19, 35.02,6.903,4.880,4.332,5.035,-0.69,-0.23
6, 2.6901E-05, 67.08, 35.06,6.786,4.828,4.319,5.034,-0.65,-0.22
7, 9.7412E-05, 67.22, 35.02,6.826,4.802,4.324,4.995,-0.66,-0.25
2.00
1, 2.0599E-12, 64.78, 35.01,6.863,4.680,3.745,5.072,-0.63,-0.25
2, 1.6937E-08, 64.78, 35.01,6.827,4.646,3.708,5.005,-0.62,-0.21
3, 5.4718E-08, 64.78, 35.01,6.826,4.677,3.708,5.035,-0.64,-0.23
4, 8.8966E-08, 64.78, 35.01,6.826,4.680,3.709,4.995,-0.64,-0.23
5, 9.5428E-08, 64.78, 35.01,6.827,4.684,3.709,5.000,-0.63,-0.21
6, 1.8783E-08, 64.78, 35.01,6.863,4.684,3.708,5.074,-0.65,-0.22
7, 6.1989E-08, 64.78, 35.01,6.826,4.616,3.746,5.074,-0.63,-0.24
3.00
1, 1.4496E-12, 63.56, 35.01,6.824,4.567,3.474,5.035,-0.61,-0.23
2, 1.2991E-08, 63.56, 35.01,6.863,4.567,3.434,5.074,-0.65,-0.23
3, 3.9879E-08, 63.56, 35.01,6.864,4.567,3.434,5.071,-0.65,-0.24
4, 6.1249E-08, 63.56, 35.01,6.828,4.567,3.434,5.067,-0.65,-0.20
5, 4.6524E-08, 63.56, 35.01,6.826,4.567,3.434,5.023,-0.66,-0.24
6, 8.0208E-09, 63.56, 35.01,6.826,4.567,3.471,4.995,-0.66,-0.22
7, 2.5993E-08, 63.56, 35.01,6.826,4.645,3.474,5.068,-0.64,-0.23
4.00
1, 1.4496E-12, 62.34, 35.01,6.863,4.489,3.162,5.048,-0.62,-0.22
2, 1.1261E-08, 62.34, 35.01,6.826,4.489,3.150,4.995,-0.65,-0.21
3, 3.3318E-08, 62.34, 35.01,6.826,4.490,3.162,5.044,-0.64,-0.23
4, 4.9042E-08, 62.34, 35.01,6.852,4.490,3.161,5.035,-0.69,-0.21
5, 3.6438E-08, 62.34, 35.01,6.827,4.489,3.161,5.090,-0.60,-0.22
6, 6.2462E-09, 62.34, 35.01,6.863,4.498,3.182,5.035,-0.64,-0.24
7, 2.0296E-08, 62.34, 35.01,6.827,4.487,3.133,4.995,-0.66,-0.21
5.00
1, 1.5259E-12, 61.12, 35.01,6.826,4.489,2.850,5.074,-0.63,-0.25
2, 1.0287E-08, 61.12, 35.01,6.863,4.449,2.811,5.074,-0.66,-0.22
3, 2.9541E-08, 61.12, 35.01,6.864,4.473,2.886,4.995,-0.66,-0.24
4, 4.1695E-08, 61.12, 35.01,6.787,4.463,2.889,5.074,-0.62,-0.25
5, 3.0243E-08, 61.12, 35.01,6.826,4.411,2.889,5.035,-0.62,-0.21
6, 5.1628E-09, 61.12, 35.01,6.827,4.450,2.850,5.088,-0.66,-0.22
7, 1.6793E-08, 61.12, 35.01,6.827,4.450,2.810,5.043,-0.64,-0.18
7.00
1, 1.2207E-12, 58.67, 35.01,6.826,4.256,2.239,5.113,-0.62,-0.22
2, 9.1805E-09, 58.67, 35.01,6.850,4.256,2.305,5.103,-0.67,-0.28
3, 2.5330E-08, 58.67, 35.01,6.787,4.292,2.240,5.114,-0.67,-0.24
4, 3.3287E-08, 58.67, 35.01,6.826,4.286,2.265,5.074,-0.62,-0.19
5, 2.2842E-08, 58.67, 35.01,6.827,4.330,2.265,5.113,-0.69,-0.23
6, 3.8231E-09, 58.67, 35.01,6.786,4.295,2.265,5.082,-0.63,-0.23
7, 1.2410E-08, 58.67, 35.01,6.787,4.235,2.227,5.113,-0.55,-0.20
10.00
1, 1.1444E-12, 55.01, 35.01,6.827,4.031,1.369,5.191,-0.63,-0.23
2, 8.1955E-09, 55.01, 35.01,6.785,3.982,1.407,5.191,-0.66,-0.21
3, 2.1973E-08, 55.01, 35.01,6.812,4.099,1.369,5.202,-0.65,-0.21
4, 2.6855E-08, 55.01, 35.01,6.826,4.050,1.404,5.191,-0.65,-0.22
5, 1.7084E-08, 55.01, 35.01,6.826,3.982,1.486,5.191,-0.65,-0.23
6, 2.7710E-09, 55.01, 35.01,6.747,4.099,1.407,5.191,-0.62,-0.23
7, 8.9081E-09, 55.01, 35.01,6.535,4.060,1.369,5.191,-0.65,-0.21
15.00
1, 9.9182E-13, 48.88, 35.01,6.655,3.672,0.167,5.446,-0.65,-0.25
2, 6.9855E-09, 48.88, 35.01,6.720,3.671,0.278,5.451,-0.64,-0.20
3, 1.8437E-08, 48.88, 35.01,6.670,3.632,0.277,5.464,-0.65,-0.25
4, 2.1474E-08, 48.88, 35.01,6.669,3.648,0.230,5.464,-0.67,-0.21
5, 1.2569E-08, 48.88, 35.01,6.630,3.652,0.304,5.503,-0.64,-0.22
6, 1.9625E-09, 48.88, 35.01,6.708,3.648,0.167,5.426,-0.63,-0.25
7, 6.1699E-09, 48.88, 35.01,6.748,3.643,0.278,5.426,-0.62,-0.22
20.00
1, 1.2970E-12, 42.74, 35.01,6.552,3.280,0.166,0.167,-0.60,-0.25
2, 5.9372E-09, 42.74, 35.01,6.593,3.280,0.167,0.166,-0.64,-0.18
3, 1.5588E-08, 42.74, 35.01,6.552,3.260,0.167,0.167,-0.64,-0.25
4, 1.7992E-08, 42.74, 35.01,6.591,3.280,0.167,0.167,-0.66,-0.22
5, 1.0143E-08, 42.74, 35.01,6.591,3.280,0.167,0.167,-0.60,-0.21
6, 1.5431E-09, 42.74, 35.01,6.591,3.319,0.167,0.167,-0.87,-0.25
7, 4.7836E-09, 42.74, 35.01,6.552,3.242,0.167,0.167,-0.68,-0.25
25.00
1, 1.0681E-12, 36.58, 35.01,6.431,2.968,0.167,0.166,-0.61,-0.19
2, 5.0438E-09, 36.58, 35.01,6.407,2.968,0.167,0.167,-0.67,-0.21
3, 1.3195E-08, 36.58, 35.01,6.396,2.956,0.167,0.166,-0.63,-0.23
4, 1.5379E-08, 36.58, 35.01,6.396,2.968,0.167,0.167,-0.60,-0.21
5, 8.5686E-09, 36.58, 35.01,6.396,2.968,0.166,0.167,-0.61,-0.24
6, 1.2806E-09, 36.58, 35.01,6.475,2.987,0.167,0.167,-0.60,-0.25
7, 3.9536E-09, 36.58, 35.01,6.474,2.986,0.168,0.167,-0.65,-0.23
30.00
1, 9.9182E-13, 30.38, 35.01,6.279,2.543,0.167,0.167,-0.63,-0.22
2, 4.2831E-09, 30.38, 35.01,6.239,2.539,0.167,0.167,-0.65,-0.22
3, 1.1105E-08, 30.38, 35.01,6.202,2.578,0.167,0.167,-0.63,-0.22
4, 1.3174E-08, 30.38, 35.01,6.279,2.618,0.166,0.166,-0.62,-0.23
5, 7.3822E-09, 30.38, 35.01,6.239,2.539,0.167,0.167,-0.65,-0.24
6, 1.0884E-09, 30.38, 35.01,6.240,2.612,0.167,0.166,-0.79,-0.24
7, 3.3714E-09, 30.38, 35.01,6.239,2.543,0.167,0.167,-0.59,-0.21
40.00
1, 9.1553E-13, 17.86, 35.01,5.773,2.000,0.166,0.167,-0.61,-0.24
2, 3.2082E-09, 17.86, 35.01,5.773,1.965,0.167,0.166,-0.63,-0.22
3, 7.8201E-09, 17.86, 35.01,5.789,1.995,0.168,0.167,-0.62,-0.23
4, 9.2323E-09, 17.86, 35.01,5.812,1.962,0.168,0.167,-0.63,-0.27
5, 5.2460E-09, 17.86, 35.01,5.812,2.025,0.167,0.166,-0.66,-0.23
6, 7.6286E-10, 17.86, 35.01,5.772,1.954,0.167,0.166,-0.62,-0.20
7, 2.3812E-09, 17.86, 35.01,5.769,1.994,0.167,0.166,-0.62,-0.23
50.00
1, 8.3923E-13,  5.09, 35.01,5.227,1.512,0.166,0.167,-0.65,-0.22
2, 2.5398E-09,  5.09, 35.01,5.266,1.518,0.167,0.167,-0.60,-0.27
3, 5.7243E-09,  5.09, 35.01,5.227,1.487,0.167,0.167,-0.62,-0.25
4, 6.5239E-09,  5.09, 35.01,5.211,1.487,0.167,0.167,-0.64,-0.19
5, 3.7468E-09,  5.09, 35.01,5.227,1.487,0.167,0.167,-0.66,-0.24
6, 5.3802E-10,  5.09, 35.01,5.220,1.564,0.166,0.167,-0.63,-0.20
7, 1.7166E-09,  5.09, 35.01,5.227,1.526,0.168,0.167,-0.61,-0.22
60.00
1, 1.0681E-12, -8.03, 35.01,4.539,1.176,0.167,0.167,-0.61,-0.24
2, 2.1132E-09, -8.03, 35.01,4.565,1.176,0.167,0.167,-0.61,-0.25
3, 4.4388E-09, -8.03, 35.01,4.604,1.176,0.166,0.166,-0.65,-0.20
4, 4.8225E-09, -8.03, 35.01,4.525,1.211,0.167,0.167,-0.61,-0.18
5, 2.7855E-09, -8.03, 35.01,4.571,1.176,0.167,0.167,-0.67,-0.23
6, 3.9093E-10, -8.03, 35.01,4.531,1.175,0.166,0.167,-0.61,-0.23
7, 1.2840E-09, -8.03, 35.01,4.529,1.176,0.166,0.167,-0.63,-0.23
70.00
1, 9.9182E-13,-21.68, 35.01,3.824,1.097,0.167,0.167,-0.60,-0.25
2, 1.8291E-09,-21.68, 35.01,3.845,1.019,0.167,0.167,-0.61,-0.20
3, 3.6049E-09,-21.68, 35.01,3.812,1.019,0.166,0.166,-0.65,-0.22
4, 3.6987E-09,-21.68, 35.01,3.824,1.059,0.167,0.166,-0.67,-0.24
5, 2.1231E-09,-21.68, 35.01,3.858,1.019,0.167,0.167,-0.63,-0.24
6, 2.8992E-10,-21.68, 35.01,3.785,1.059,0.167,0.167,-0.63,-0.23
7, 9.8892E-10,-21.68, 35.01,3.792,1.059,0.166,0.166,-0.63,-0.24
80.00
1, 9.1553E-13,-36.19, 35.01,3.045,1.170,0.166,0.167,-0.63,-0.23
2, 1.6360E-09,-36.19, 35.01,3.085,1.176,0.167,0.167,-0.64,-0.19
3, 3.0098E-09,-36.19, 35.01,3.118,1.176,0.166,0.167,-0.63,-0.25
4, 2.8816E-09,-36.19, 35.01,3.045,1.137,0.167,0.167,-0.63,-0.21
5, 1.6083E-09,-36.19, 35.01,3.045,1.176,0.167,0.167,-0.64,-0.22
6, 2.1416E-10,-36.19, 35.01,3.085,1.165,0.167,0.167,-0.65,-0.23
7, 7.4188E-10,-36.19, 35.01,3.045,1.147,0.167,0.167,-0.63,-0.23
90.00
1, 6.8665E-13,-52.17, 35.01,2.265,1.527,0.167,0.166,-0.65,-0.22
2, 1.5094E-09,-52.17, 35.01,2.233,1.526,0.166,0.167,-0.61,-0.25
3, 2.6482E-09,-52.17, 35.01,2.238,1.564,0.167,0.166,-0.61,-0.23
4, 2.4086E-09,-52.17, 35.01,2.265,1.564,0.166,0.167,-0.62,-0.24
5, 1.3232E-09,-52.17, 35.01,2.265,1.565,0.167,0.167,-0.64,-0.21
6, 1.7143E-10,-52.17, 35.01,2.279,1.526,0.166,0.167,-0.67,-0.23
7, 6.1569E-10,-52.17, 35.01,2.265,1.565,0.167,0.167,-0.60,-0.21
100.00
1, 7.6294E-13,-71.34, 35.01,1.446,2.344,0.166,0.166,-0.64,-0.22
2, 1.4272E-09,-71.34, 35.01,1.525,2.345,0.167,0.167,-0.62,-0.22
3, 2.4705E-09,-71.34, 35.01,1.525,2.329,0.166,0.167,-0.63,-0.23
4, 2.1925E-09,-71.34, 35.01,1.472,2.307,0.167,0.166,-0.61,-0.19
5, 1.1905E-09,-71.34, 35.01,1.485,2.307,0.166,0.166,-0.71,-0.24
6, 1.4786E-10,-71.34, 35.01,1.450,2.344,0.166,0.167,-0.59,-0.22
7, 5.5237E-10,-71.34, 35.01,1.485,2.364,0.167,0.166,-0.63,-0.22

05:15:23,H,1,A, 139.694, 35.490,  0,-180,   0,02/10/05,02/10/05,05:15:23,SHIRASE
0.00
1, 1.2490E-09, 68.02, 34.39,6.864,4.807,4.333,5.034,-0.66,-0.22
2, 1.1244E-05, 68.02, 34.37,6.902,4.802,4.361,5.035,-0.65,-0.25
3, 5.0453E-05, 68.02, 34.35,6.864,4.835,4.369,5.035,-0.66,-0.25
4, 1.2717E-04, 68.02, 34.35,6.826,4.762,4.369,5.034,-0.65,-0.24
5, 1.3789E-04, 68.02, 34.40,6.863,4.840,4.333,4.995,-0.65,-0.25
6, 2.6192E-05, 68.02, 34.39,6.874,4.879,4.369,5.034,-0.60,-0.22
7, 9.6436E-05, 68.02, 34.39,6.902,4.779,4.332,5.034,-0.63,-0.23
2.00
1, 1.6022E-12, 70.63, 34.24,6.836,4.995,4.878,5.088,-0.62,-0.21
2, 1.7355E-08, 70.63, 34.24,6.903,4.958,4.956,5.074,-0.66,-0.23
3, 5.5542E-08, 70.63, 34.24,6.831,4.958,4.878,5.073,-0.63,-0.24
4, 9.3369E-08, 70.63, 34.24,6.826,4.958,4.838,5.035,-0.66,-0.25
5, 9.9297E-08, 70.63, 34.24,6.863,4.918,4.837,5.061,-0.71,-0.21
6, 1.9782E-08, 70.63, 34.24,6.863,4.995,4.877,5.035,-0.65,-0.20
7, 6.7993E-08, 70.63, 34.24,6.895,4.995,4.877,5.034,-0.61,-0.23
3.00
1, 1.1444E-12, 71.84, 34.24,6.847,5.074,5.149,5.049,-0.63,-0.24
2, 1.3439E-08, 71.84, 34.24,6.863,4.995,5.149,5.029,-0.70,-0.25
3, 4.1328E-08, 71.84, 34.24,6.863,5.002,5.071,4.996,-0.67,-0.26
4, 6.5407E-08, 71.84, 34.24,6.903,5.046,5.148,5.035,-0.65,-0.19
5, 5.1025E-08, 71.84, 34.24,6.826,5.050,5.138,5.034,-0.63,-0.23
6, 8.8913E-09, 71.84, 34.24,6.863,5.113,5.149,5.004,-0.64,-0.21
7, 2.9488E-08, 71.84, 34.24,6.863,5.054,5.110,5.074,-0.64,-0.22
4.00
1, 9.9182E-13, 73.05, 34.24,6.826,5.151,5.445,5.035,-0.64,-0.24
2, 1.1545E-08, 73.05, 34.24,6.902,5.160,5.461,5.035,-0.59,-0.21
3, 3.4363E-08, 73.05, 34.24,6.826,5.191,5.423,4.997,-0.66,-0.22
4, 5.1857E-08, 73.05, 34.24,6.841,5.151,5.423,5.002,-0.66,-0.23
5, 3.9001E-08, 73.05, 34.24,6.890,5.151,5.423,5.034,-0.64,-0.21
6, 6.6132E-09, 73.05, 34.24,6.864,5.125,5.458,5.034,-0.64,-0.24
7, 2.1966E-08, 73.05, 34.24,6.826,5.129,5.449,5.035,-0.66,-0.24
5.00
1, 1.1444E-12, 74.26, 34.24,6.864,5.207,5.724,5.034,-0.64,-0.24
2, 1.0434E-08, 74.26, 34.24,6.883,5.230,5.735,5.057,-0.65,-0.22
3, 3.0121E-08, 74.26, 34.24,6.826,5.209,5.755,5.034,-0.66,-0.26
4, 4.3388E-08, 74.26, 34.24,6.863,5.191,5.706,5.035,-0.64,-0.20
5, 3.1837E-08, 74.26, 34.24,6.903,5.217,5.735,5.034,-0.65,-0.23
6, 5.3543E-09, 74.26, 34.24,6.835,5.191,5.734,5.035,-0.60,-0.23
7, 1.7830E-08, 74.26, 34.24,6.830,5.230,5.734,5.035,-0.67,-0.22
7.00
1, 9.1553E-13, 76.68, 34.24,6.826,5.372,6.247,5.113,-0.64,-0.23
2, 9.1850E-09, 76.68, 34.24,6.827,5.347,6.279,5.082,-0.63,-0.25
3, 2.5406E-08, 76.68, 34.24,6.826,5.362,6.245,5.114,-0.65,-0.24
4, 3.3874E-08, 76.68, 34.24,6.826,5.348,6.318,5.074,-0.65,-0.20
5, 2.3544E-08, 76.68, 34.24,6.708,5.355,6.241,5.035,-0.64,-0.23
6, 3.8864E-09, 76.68, 34.24,6.861,5.386,6.239,5.059,-0.68,-0.25
7, 1.2894E-08, 76.68, 34.24,6.827,5.347,6.243,5.113,-0.67,-0.23
10.00
1, 7.6294E-13, 80.31, 34.24,0.166,0.167,7.097,5.152,-0.64,-0.24
2, 8.1711E-09, 80.31, 34.24,0.167,0.167,7.098,5.151,-0.68,-0.23
3, 2.1832E-08, 80.31, 34.24,0.167,0.167,7.098,5.131,-0.63,-0.24
4, 2.6817E-08, 80.31, 34.24,0.167,0.167,7.099,5.168,-0.59,-0.22
5, 1.7253E-08, 80.31, 34.24,0.166,0.166,7.099,5.151,-0.69,-0.23
6, 2.7672E-09, 80.31, 34.24,6.826,0.309,7.141,5.154,-0.66,-0.22
7, 9.0858E-09, 80.31, 34.24,0.167,0.167,7.141,5.191,-0.63,-0.26
15.00
1, 8.3923E-13, 86.38, 34.24,6.748,5.984,8.578,5.426,-0.67,-0.24
2, 6.9695E-09, 86.38, 34.24,6.738,6.050,8.619,5.386,-0.63,-0.22
3, 1.8488E-08, 86.38, 34.24,6.747,6.010,8.579,5.410,-0.64,-0.22
4, 2.1658E-08, 86.38, 34.24,6.748,6.010,8.578,5.414,-0.64,-0.24
5, 1.2768E-08, 86.38, 34.24,6.748,5.971,8.578,5.386,-0.65,-0.24
6, 1.9587E-09, 86.38, 34.24,6.736,5.972,8.578,5.386,-0.63,-0.25
7, 6.3171E-09, 86.38, 34.24,6.708,5.959,8.577,5.387,-0.64,-0.21
20.00
1, 7.6294E-13, 92.46, 34.24,6.592,6.321,0.167,0.167,-0.62,-0.19
2, 5.9196E-09, 92.46, 34.24,6.630,6.321,0.167,0.167,-0.65,-0.21
3, 1.5660E-08, 92.46, 34.24,6.631,6.345,0.167,0.167,-0.65,-0.21
4, 1.8192E-08, 92.46, 34.24,6.559,6.361,0.166,0.167,-0.68,-0.23
5, 1.0315E-08, 92.46, 34.24,6.591,6.321,0.167,0.167,-0.64,-0.26
6, 1.5387E-09, 92.46, 34.24,6.629,6.361,0.167,0.166,-0.77,-0.23
7, 4.9004E-09, 92.46, 34.24,6.630,6.360,0.167,0.167,-0.66,-0.23
25.00
1, 5.3406E-13, 98.57, 34.24,6.395,6.673,0.166,0.167,-0.64,-0.22
2, 5.0247E-09, 98.57, 34.24,6.475,6.705,0.167,0.167,-0.64,-0.22
3, 1.3222E-08, 98.57, 34.24,6.436,6.711,0.167,0.166,-0.63,-0.25
4, 1.5477E-08, 98.57, 34.24,6.514,6.673,0.167,0.167,-0.64,-0.24
5, 8.6739E-09, 98.57, 34.24,6.436,6.711,0.167,0.167,-0.62,-0.19
6, 1.2696E-09, 98.57, 34.24,6.396,6.735,0.167,0.166,-0.65,-0.23
7, 4.0260E-09, 98.57, 34.24,6.436,6.686,0.167,0.167,-0.65,-0.19
30.00
1, 6.8665E-13, 104.70, 34.24,6.279,6.984,0.167,0.167,-0.61,-0.22
2, 4.2801E-09, 104.70, 34.24,6.295,7.022,0.167,0.167,-0.65,-0.25
3, 1.1093E-08, 104.70, 34.24,6.240,6.994,0.167,0.167,-0.62,-0.23
4, 1.3110E-08, 104.70, 34.24,6.279,7.023,0.167,0.167,-0.62,-0.26
5, 7.3479E-09, 104.70, 34.24,6.262,7.062,0.167,0.167,-0.66,-0.24
6, 1.0616E-09, 104.70, 34.24,6.267,7.062,0.167,0.167,-0.66,-0.24
7, 3.3691E-09, 104.70, 34.24,6.295,7.022,0.167,0.167,-0.64,-0.22
40.00
1, 6.8665E-13, 117.09, 34.24,5.774,7.685,0.166,0.167,-0.64,-0.24
2, 3.2166E-09, 117.09, 34.24,5.841,7.684,0.167,0.167,-0.63,-0.24
3, 7.8834E-09, 117.09, 34.24,5.851,7.607,0.167,0.166,-0.63,-0.22
4, 9.3575E-09, 117.09, 34.24,5.812,7.631,0.166,0.166,-0.63,-0.24
5, 5.3574E-09, 117.09, 34.24,5.841,7.645,0.167,0.167,-0.70,-0.21
6, 7.6172E-10, 117.09, 34.24,5.813,7.608,0.167,0.167,-0.63,-0.24
7, 2.4506E-09, 117.09, 34.24,5.812,7.645,0.167,0.167,-0.63,-0.22
50.00
1, 5.3406E-13, 129.70, 34.24,5.234,8.076,0.167,0.167,-0.65,-0.24
2, 2.4004E-09, 129.70, 34.24,5.267,8.076,0.167,0.167,-0.62,-0.22
3, 5.6778E-09, 129.70, 34.24,5.294,8.076,0.167,0.167,-0.63,-0.25
4, 6.6765E-09, 129.70, 34.24,5.305,8.076,0.167,0.167,-0.63,-0.22
5, 3.9696E-09, 129.70, 34.24,5.267,8.113,0.166,0.167,-0.64,-0.23
6, 5.5527E-10, 129.70, 34.24,5.304,8.083,0.167,0.167,-0.65,-0.21
7, 1.8398E-09, 129.70, 34.24,5.267,8.109,0.167,0.167,-0.67,-0.22
60.00
1, 6.1035E-13, 142.64, 34.24,4.603,8.417,0.167,0.167,-0.67,-0.21
2, 2.0892E-09, 142.64, 34.24,4.604,8.394,0.167,0.167,-0.66,-0.22
3, 4.4586E-09, 142.64, 34.24,4.604,8.399,0.166,0.167,-0.64,-0.23
4, 4.8195E-09, 142.64, 34.24,4.468,8.426,0.166,0.167,-0.66,-0.22
5, 2.9305E-09, 142.64, 34.24,4.604,8.426,0.167,0.167,-0.63,-0.23
6, 3.9993E-10, 142.64, 34.24,4.643,8.390,0.166,0.167,-0.63,-0.23
7, 1.3705E-09, 142.64, 34.24,4.606,8.425,0.167,0.167,-0.63,-0.24
70.00
1, 5.3406E-13, 156.08, 34.24,3.902,8.582,0.167,0.167,-0.62,-0.24
2, 1.7877E-09, 156.08, 34.24,3.902,8.582,0.167,0.167,-0.62,-0.23
3, 3.6972E-09, 156.08, 34.24,3.876,8.581,0.167,0.167,-0.65,-0.21
4, 3.9246E-09, 156.08, 34.24,3.902,8.579,0.167,0.167,-0.65,-0.23
5, 2.3567E-09, 156.08, 34.24,3.902,8.557,0.167,0.167,-0.62,-0.20
6, 3.1242E-10, 156.08, 34.24,3.942,8.582,0.167,0.167,-0.63,-0.24
7, 1.1304E-09, 156.08, 34.24,3.901,8.604,0.167,0.167,-0.61,-0.22
80.00
1, 1.5259E-13, 170.29, 34.24,3.121,8.504,0.168,0.167,-0.65,-0.25
2, 1.5022E-09, 170.29, 34.24,3.122,8.522,0.167,0.167,-0.64,-0.23
3, 3.0808E-09, 170.29, 34.24,3.161,8.478,0.166,0.167,-0.62,-0.22
4, 3.1502E-09, 170.29, 34.24,3.161,8.502,0.168,0.167,-0.65,-0.24
5, 1.8500E-09, 170.29, 34.24,3.122,8.500,0.167,0.167,-0.65,-0.26
6, 2.3415E-10, 170.29, 34.24,3.121,8.516,0.167,0.167,-0.63,-0.22
7, 8.7532E-10, 170.29, 34.24,3.165,8.504,0.167,0.167,-0.64,-0.20
90.00
1, 2.2888E-13, 185.81, 34.24,2.343,8.153,0.167,0.167,-0.63,-0.25
2, 1.4308E-09, 185.81, 34.24,2.383,8.153,0.167,0.167,-0.65,-0.21
3, 2.6619E-09, 185.81, 34.24,2.383,8.153,0.167,0.167,-0.51,-0.24
4, 2.4963E-09, 185.81, 34.24,2.421,8.229,0.167,0.167,-0.62,-0.27
5, 1.4159E-09, 185.81, 34.24,2.344,8.154,0.167,0.167,-0.65,-0.24
6, 1.7708E-10, 185.81, 34.24,2.383,8.158,0.168,0.167,-0.63,-0.20
7, 6.6170E-10, 185.81, 34.24,2.372,8.191,0.166,0.167,-0.62,-0.25
100.00
1, 3.8147E-13, 204.05, 34.24,1.563,7.529,0.167,0.167,-0.67,-0.24
2, 1.2684E-09, 204.05, 34.24,1.563,7.453,0.168,0.167,-0.54,-0.24
3, 2.3386E-09, 204.05, 34.24,1.602,7.454,0.167,0.167,-0.64,-0.23
4, 2.1258E-09, 204.05, 34.24,1.563,7.453,0.167,0.167,-0.65,-0.22
5, 1.1900E-09, 204.05, 34.24,1.603,7.453,0.167,0.166,-0.63,-0.19
6, 1.4557E-10, 204.05, 34.24,1.563,7.413,0.167,0.167,-0.65,-0.24
7, 5.5397E-10, 204.05, 34.24,1.629,7.453,0.167,0.167,-0.60,-0.24
110.00
1, 3.0518E-13, 232.75, 34.24,0.783,5.854,0.167,0.167,-0.66,-0.23
2, 1.3232E-09, 232.75, 34.24,0.783,5.851,0.167,0.167,-0.61,-0.25
3, 2.2439E-09, 232.75, 34.24,0.783,5.854,0.167,0.167,-0.65,-0.22
4, 1.9433E-09, 232.75, 34.24,0.823,5.815,0.167,0.167,-0.63,-0.24
5, 1.0773E-09, 232.75, 34.24,0.783,5.838,0.166,0.167,-0.63,-0.25
6, 1.3046E-10, 232.75, 34.24,0.823,5.854,0.167,0.167,-0.64,-0.24
7, 5.0636E-10, 232.75, 34.24,0.783,5.854,0.167,0.167,-0.66,-0.21

05:25:33,H,1,A, 139.692, 35.490,  0,-180,   0,02/10/05,02/10/05,05:25:33,SHIRASE
0.00
1, 1.1860E-09, 70.06, 32.65,6.942,4.835,4.292,5.045,-0.60,-0.26
2, 1.0923E-05, 70.10, 32.63,6.981,4.839,4.293,5.035,-0.62,-0.21
3, 4.9934E-05, 70.05, 32.68,6.954,4.802,4.369,5.012,-0.63,-0.22
4, 1.2719E-04, 70.05, 32.67,6.949,4.838,4.333,5.061,-0.64,-0.26
5, 1.3850E-04, 70.05, 32.70,6.980,4.802,4.369,4.998,-0.67,-0.23
6, 2.5452E-05, 70.05, 32.66,6.941,4.824,4.348,5.035,-0.62,-0.22
7, 9.6695E-05, 70.05, 32.69,6.980,4.840,4.332,5.035,-0.62,-0.23
2.00
1, 1.2207E-12, 72.76, 32.54,6.904,4.958,4.917,5.094,-0.63,-0.23
2, 1.6848E-08, 72.76, 32.54,6.942,4.984,4.849,4.995,-0.65,-0.25
3, 5.4764E-08, 72.76, 32.54,6.908,4.958,4.877,5.068,-0.62,-0.23
4, 9.2766E-08, 72.76, 32.54,6.942,4.958,4.877,5.054,-0.65,-0.22
5, 9.8557E-08, 72.76, 32.54,6.941,4.995,4.877,5.097,-0.72,-0.20
6, 1.9138E-08, 72.76, 32.54,6.981,5.004,4.882,5.035,-0.66,-0.22
7, 6.7650E-08, 72.76, 32.54,6.941,4.995,4.916,5.015,-0.63,-0.23
3.00
1, 9.9182E-13, 73.95, 32.54,6.941,5.035,5.149,5.009,-0.67,-0.24
2, 1.3020E-08, 73.95, 32.54,6.941,5.034,5.148,5.052,-0.69,-0.22
3, 4.0825E-08, 73.95, 32.54,6.903,5.074,5.130,5.035,-0.66,-0.22
4, 6.5552E-08, 73.95, 32.54,6.902,5.035,5.138,5.034,-0.64,-0.24
5, 5.1483E-08, 73.95, 32.54,6.981,5.002,5.111,5.035,-0.67,-0.25
6, 8.7242E-09, 73.95, 32.54,6.941,5.035,5.149,5.035,-0.64,-0.27
7, 2.9831E-08, 73.95, 32.54,6.981,5.035,5.135,5.035,-0.64,-0.22
4.00
1, 9.1553E-13, 75.14, 32.54,6.902,5.148,5.461,5.034,-0.61,-0.25
2, 1.1164E-08, 75.14, 32.54,6.902,5.151,5.423,5.034,-0.89,-0.23
3, 3.3928E-08, 75.14, 32.54,6.931,5.113,5.423,5.049,-0.62,-0.22
4, 5.2200E-08, 75.14, 32.54,6.943,5.073,5.423,5.016,-0.60,-0.24
5, 3.9619E-08, 75.14, 32.54,6.826,5.114,5.423,5.013,-0.67,-0.24
6, 6.5056E-09, 75.14, 32.54,6.941,5.142,5.431,5.035,-0.63,-0.23
7, 2.2392E-08, 75.14, 32.54,6.903,5.084,5.423,5.073,-0.62,-0.22
5.00
1, 6.8665E-13, 76.32, 32.54,6.981,5.177,5.734,4.999,-0.65,-0.23
2, 1.0097E-08, 76.32, 32.54,6.941,5.191,5.694,5.034,-0.71,-0.24
3, 2.9846E-08, 76.32, 32.54,6.941,5.158,5.694,5.113,-0.64,-0.25
4, 4.4022E-08, 76.32, 32.54,6.981,5.191,5.694,5.074,-0.63,-0.23
5, 3.2684E-08, 76.32, 32.54,6.903,5.230,5.694,5.035,-0.62,-0.23
6, 5.3345E-09, 76.32, 32.54,6.903,5.190,5.734,5.034,-0.62,-0.23
7, 1.8409E-08, 76.32, 32.54,6.941,5.219,5.694,5.031,-0.65,-0.21
7.00
1, 9.1553E-13, 78.70, 32.54,6.902,5.341,6.274,5.034,-0.65,-0.24
2, 8.8684E-09, 78.70, 32.54,6.864,5.347,6.240,5.054,-0.65,-0.26
3, 2.5029E-08, 78.70, 32.54,6.942,5.386,6.239,5.074,-0.65,-0.25
4, 3.4317E-08, 78.70, 32.54,6.902,5.355,6.240,5.034,-0.65,-0.25
5, 2.4193E-08, 78.70, 32.54,6.902,5.311,6.202,5.074,-0.65,-0.21
6, 3.8742E-09, 78.70, 32.54,6.903,5.334,6.203,5.038,-0.66,-0.23
7, 1.3361E-08, 78.70, 32.54,6.941,5.308,6.279,5.074,-0.63,-0.22
10.00
1, 6.8665E-13, 82.26, 32.54,6.886,5.543,7.098,5.145,-0.51,-0.23
2, 7.8606E-09, 82.26, 32.54,6.902,5.542,7.097,5.113,-0.64,-0.27
3, 2.1527E-08, 82.26, 32.54,6.941,5.542,7.059,5.151,-0.65,-0.27
4, 2.7092E-08, 82.26, 32.54,6.942,5.543,7.139,5.178,-0.62,-0.22
5, 1.7702E-08, 82.26, 32.54,6.903,5.543,7.097,5.189,-0.62,-0.27
6, 2.7527E-09, 82.26, 32.54,6.903,5.561,7.058,5.113,-0.65,-0.25
7, 9.3933E-09, 82.26, 32.54,6.902,5.560,7.127,5.151,-0.67,-0.24
15.00
1, 6.1035E-13, 88.21, 32.54,6.827,5.972,8.546,5.347,-0.65,-0.24
2, 6.7207E-09, 88.21, 32.54,6.826,5.963,8.578,5.379,-0.64,-0.22
3, 1.8037E-08, 88.21, 32.54,6.748,5.983,8.578,5.347,-0.62,-0.24
4, 2.1394E-08, 88.21, 32.54,6.787,5.971,8.548,5.348,-0.63,-0.24
5, 1.2788E-08, 88.21, 32.54,6.794,5.971,8.540,5.347,-0.65,-0.24
6, 1.9108E-09, 88.21, 32.54,6.787,5.971,8.540,5.386,-0.65,-0.25
7, 6.3911E-09, 88.21, 32.54,6.787,5.969,8.541,5.334,-0.63,-0.24
20.00
1, 3.8147E-13, 94.17, 32.54,6.670,6.331,0.166,0.167,-0.61,-0.23
2, 5.7343E-09, 94.17, 32.54,6.671,6.321,0.167,0.167,-0.65,-0.25
3, 1.5405E-08, 94.17, 32.54,6.683,6.321,0.167,0.167,-0.63,-0.25
4, 1.8133E-08, 94.17, 32.54,6.670,6.323,0.167,0.167,-0.66,-0.24
5, 1.0406E-08, 94.17, 32.54,6.670,6.321,0.167,0.167,-0.60,-0.24
6, 1.5082E-09, 94.17, 32.54,6.670,6.326,0.167,0.167,-0.39,-0.23
7, 4.9698E-09, 94.17, 32.54,6.670,6.331,0.166,0.167,-0.68,-0.22
25.00
1, 3.8147E-13, 100.15, 32.54,6.591,6.707,0.166,0.167,-0.64,-0.22
2, 4.8920E-09, 100.15, 32.54,6.514,6.682,0.167,0.166,-0.64,-0.24
3, 1.3063E-08, 100.15, 32.54,6.514,6.673,0.167,0.166,-0.63,-0.22
4, 1.5422E-08, 100.15, 32.54,6.552,6.681,0.167,0.166,-0.61,-0.26
5, 8.7090E-09, 100.15, 32.54,6.553,6.711,0.167,0.167,-0.63,-0.23
6, 1.2413E-09, 100.15, 32.54,6.514,6.711,0.167,0.167,-0.64,-0.22
7, 4.0504E-09, 100.15, 32.54,6.514,6.674,0.167,0.167,-0.65,-0.24
30.00
1, 7.6294E-14, 106.15, 32.54,6.357,7.062,0.167,0.167,-0.66,-0.24
2, 4.2076E-09, 106.15, 32.54,6.318,7.062,0.167,0.167,-0.63,-0.26
3, 1.1041E-08, 106.15, 32.54,6.318,7.043,0.167,0.167,-0.64,-0.20
4, 1.3113E-08, 106.15, 32.54,6.358,7.023,0.166,0.166,-0.63,-0.23
5, 7.3898E-09, 106.15, 32.54,6.396,7.023,0.167,0.167,-0.65,-0.22
6, 1.0396E-09, 106.15, 32.54,6.396,7.022,0.167,0.167,-0.68,-0.21
7, 3.3966E-09, 106.15, 32.54,6.318,7.008,0.167,0.167,-0.62,-0.24
40.00
1, 0.0000E+00, 118.26, 32.54,5.928,7.645,0.167,0.167,-0.67,-0.21
2, 3.1662E-09, 118.26, 32.54,5.891,7.645,0.167,0.167,-0.67,-0.20
3, 7.8461E-09, 118.26, 32.54,5.890,7.646,0.167,0.167,-0.65,-0.23
4, 9.3277E-09, 118.26, 32.54,5.890,7.625,0.167,0.167,-0.64,-0.22
5, 5.3314E-09, 118.26, 32.54,5.892,7.645,0.167,0.167,-0.64,-0.24
6, 7.3669E-10, 118.26, 32.54,5.929,7.645,0.167,0.167,-0.65,-0.23
7, 2.4367E-09, 118.26, 32.54,5.896,7.645,0.167,0.167,-0.66,-0.24
50.00
1, 1.5259E-13, 130.57, 32.54,5.383,8.168,0.167,0.167,-0.63,-0.22
2, 2.4902E-09, 130.57, 32.54,5.383,8.080,0.167,0.167,-0.64,-0.23
3, 5.7587E-09, 130.57, 32.54,5.423,8.152,0.167,0.167,-0.68,-0.22
4, 6.6925E-09, 130.57, 32.54,5.344,8.113,0.167,0.167,-0.65,-0.23
5, 3.9001E-09, 130.57, 32.54,5.345,8.114,0.167,0.167,-0.64,-0.23
6, 5.3032E-10, 130.57, 32.54,5.383,8.117,0.167,0.167,-0.63,-0.24
7, 1.7925E-09, 130.57, 32.54,5.383,8.153,0.167,0.167,-0.62,-0.23
60.00
1, 3.0518E-13, 143.15, 32.54,4.721,8.465,0.167,0.167,-0.67,-0.23
2, 2.0671E-09, 143.15, 32.54,4.760,8.465,0.167,0.167,-0.61,-0.25
3, 4.4251E-09, 143.15, 32.54,4.721,8.500,0.167,0.167,-0.66,-0.25
4, 4.8927E-09, 143.15, 32.54,4.688,8.503,0.167,0.167,-0.65,-0.21
5, 2.8572E-09, 143.15, 32.54,4.721,8.488,0.167,0.167,-0.64,-0.24
6, 3.8025E-10, 143.15, 32.54,4.721,8.492,0.167,0.167,-0.64,-0.26
7, 1.3207E-09, 143.15, 32.54,4.721,8.472,0.167,0.167,-0.63,-0.21
70.00
1, 1.5259E-13, 156.14, 32.54,4.019,8.634,0.167,0.167,-0.67,-0.26
2, 1.7583E-09, 156.14, 32.54,4.058,8.653,0.167,0.167,-0.63,-0.25
3, 3.5866E-09, 156.14, 32.54,4.020,8.657,0.166,0.167,-0.62,-0.23
4, 3.8010E-09, 156.14, 32.54,4.020,8.621,0.166,0.167,-0.64,-0.24
5, 2.2270E-09, 156.14, 32.54,4.006,8.621,0.167,0.167,-0.63,-0.23
6, 2.8221E-10, 156.14, 32.54,4.025,8.622,0.166,0.167,-0.64,-0.21
7, 1.0436E-09, 156.14, 32.54,4.051,8.621,0.167,0.167,-0.63,-0.24
80.00
1, 7.6294E-14, 169.76, 32.54,3.298,8.661,0.167,0.167,-0.63,-0.26
2, 1.4962E-09, 169.76, 32.54,3.278,8.581,0.167,0.167,-0.64,-0.22
3, 2.9785E-09, 169.76, 32.54,3.240,8.621,0.167,0.167,-0.64,-0.21
4, 3.0136E-09, 169.76, 32.54,3.318,8.587,0.167,0.167,-0.64,-0.24
5, 1.7436E-09, 169.76, 32.54,3.278,8.661,0.166,0.166,-0.60,-0.18
6, 2.1980E-10, 169.76, 32.54,3.278,8.621,0.167,0.167,-0.66,-0.24
7, 8.2146E-10, 169.76, 32.54,3.318,8.622,0.167,0.167,-0.65,-0.24
90.00
1,-1.5259E-13, 184.42, 32.54,2.498,8.309,0.166,0.167,-0.64,-0.20
2, 1.4157E-09, 184.42, 32.54,2.521,8.348,0.167,0.167,-0.63,-0.25
3, 2.5871E-09, 184.42, 32.54,2.498,8.347,0.167,0.167,-0.63,-0.21
4, 2.4307E-09, 184.42, 32.54,2.537,8.322,0.167,0.167,-0.63,-0.23
5, 1.3809E-09, 184.42, 32.54,2.498,8.347,0.167,0.167,-0.63,-0.23
6, 1.6800E-10, 184.42, 32.54,2.566,8.347,0.166,0.166,-0.67,-0.22
7, 6.4117E-10, 184.42, 32.54,2.522,8.309,0.167,0.167,-0.63,-0.23
100.00
1, 0.0000E+00, 201.05, 32.54,1.719,7.764,0.167,0.167,-0.65,-0.24
2, 1.3670E-09, 201.05, 32.54,1.759,7.776,0.167,0.166,-0.65,-0.21
3, 2.3497E-09, 201.05, 32.54,1.719,7.724,0.166,0.167,-0.63,-0.22
4, 2.1545E-09, 201.05, 32.54,1.759,7.759,0.167,0.167,-0.37,-0.20
5, 1.2016E-09, 201.05, 32.54,1.759,7.764,0.167,0.167,-0.67,-0.24
6, 1.4267E-10, 201.05, 32.54,1.759,7.724,0.166,0.167,-0.65,-0.23
7, 5.5687E-10, 201.05, 32.54,1.759,7.764,0.167,0.167,-0.67,-0.21
110.00
1,-1.5259E-13, 223.08, 32.54,0.979,6.618,0.167,0.167,-0.63,-0.19
2, 1.3808E-09, 223.08, 32.54,1.008,6.594,0.167,0.167,-0.66,-0.21
3, 2.3278E-09, 223.08, 32.54,0.939,6.597,0.167,0.167,-0.63,-0.24
4, 1.9869E-09, 223.08, 32.54,0.979,6.595,0.167,0.167,-0.63,-0.24
5, 1.0828E-09, 223.08, 32.54,0.939,6.594,0.167,0.167,-0.64,-0.24
6, 1.2772E-10, 223.08, 32.54,0.978,6.595,0.167,0.167,-0.61,-0.21
7, 5.0507E-10, 223.08, 32.54,0.954,6.594,0.167,0.167,-0.65,-0.24
