    2 2003  5 30  5.33  139.32  35.75   8.61 160.0 161.9 1 1  0.0548 ( 5)       
    0.4000    0.3176    0.3189    0.9976    1.3582  -0.00016
    0.5000    0.2531    0.2541    0.9976    1.3844  -0.00016
    0.6750    0.1709    0.1723    0.9974    1.4006  -0.00016
    0.8700    0.1288    0.1294    0.9973    1.4235  -0.00016
    1.0200    0.1102    0.1104    0.9973    1.4378  -0.00016
    3 2003  5 30  5.67  139.32  35.75  12.44 150.0 151.7 1 1  0.1226 ( 4)       
    0.4000    0.3324    0.4025    0.9974    1.3500  -0.00018
    0.5000    0.2617    0.2839    0.9949    1.3500  -0.00031
    0.6750    0.1767    0.1796    0.9941    1.3562  -0.00031
    0.8700    0.1345    0.1388    0.9941    1.3950  -0.00031
    1.0200    0.1158    0.1193    0.9941    1.4203  -0.00031
    4 2003  5 30  6.00  139.32  35.75  16.33 140.0 141.6 1 1  0.0728 ( 5) **    
    0.4000    0.3251    0.3286    0.9651    1.3500  -0.00251
    0.5000    0.2528    0.2539    0.9967    1.3667  -0.00020
    0.6750    0.1695    0.1732    0.9972    1.3834  -0.00016
    0.8700    0.1279    0.1333    0.9972    1.4141  -0.00016
    1.0200    0.1104    0.1148    0.9972    1.4330  -0.00016
