    1 2002 10  5  5.18  139.69  35.49  34.92 100.0 100.5 1 1  0.0154 ( 4) **    
    0.4000    0.9936    0.9936    0.8531    1.4533  -0.02334
    0.5000    0.7925    0.7924    0.8508    1.4641  -0.02294
    0.6750    0.5246    0.5244    0.8546    1.4665  -0.01899
    0.8700    0.3610    0.3608    0.8365    1.4731  -0.01890
    1.0200    0.2844    0.2845    0.8167    1.4749  -0.01979
    2 2002 10  5  5.26  139.69  35.49  34.16 110.0 109.7 1 1  0.0238 ( 4) **    
    0.4000    0.9896    0.9896    0.8365    1.4258  -0.02607
    0.5000    0.7908    0.7907    0.8457    1.4421  -0.02301
    0.6750    0.5224    0.5223    0.8561    1.4511  -0.01769
    0.8700    0.3602    0.3603    0.8493    1.4653  -0.01596
    1.0200    0.2849    0.2855    0.8336    1.4724  -0.01642
    3 2002 10  5  5.43  139.69  35.49  32.48 110.0 109.7 1 1  0.0160 ( 4) **    
    0.4000    0.9457    0.9456    0.8453    1.4376  -0.02435
    0.5000    0.7547    0.7546    0.8469    1.4505  -0.02287
    0.6750    0.4968    0.4967    0.8587    1.4550  -0.01717
    0.8700    0.3412    0.3413    0.8511    1.4638  -0.01550
    1.0200    0.2705    0.2710    0.8343    1.4678  -0.01612
